


...LRC-wPBEh...
 P.Frequency       -0.00       -0.00       -0.00       -0.00       -0.00        0.00


...LRC-wPBEh...
 P.Frequency       83.04       83.04       83.04      142.85      142.85      142.85


...LRC-wPBEh...
 P.Frequency      218.12      218.12      218.12      550.27      550.27      623.60


...LRC-wPBEh...
 P.Frequency      623.60      623.60      637.63


...LC-wPBE...
 P.Frequency       -0.00       -0.00       -0.00       -0.00       -0.00        0.00


...LC-wPBE...
 P.Frequency       60.15       60.15       60.15      148.27      148.27      148.27


...LC-wPBE...
 P.Frequency      225.48      225.48      225.48      571.10      571.10      634.90


...LC-wPBE...
 P.Frequency      634.90      634.90      667.31


...LC-PBE...
 P.Frequency       -0.00       -0.00       -0.00       -0.00       -0.00        0.00


...LC-PBE...
 P.Frequency       85.60       85.60       85.60      141.79      141.79      141.79


...LC-PBE...
 P.Frequency      215.95      215.95      215.95      577.13      577.13      647.03


...LC-PBE...
 P.Frequency      647.03      647.03      665.56


...LC-BLYP...
 P.Frequency       -0.00       -0.00       -0.00       -0.00        0.00        0.00


...LC-BLYP...
 P.Frequency       91.94       91.94       91.94      143.14      143.14      143.14


...LC-BLYP...
 P.Frequency      219.84      219.84      219.84      573.44      573.44      643.34


...LC-BLYP...
 P.Frequency      643.34      643.34      662.22


...CAM-B3LYP...
 P.Frequency      -59.43      -59.43      -59.43      -36.56      -36.56      -36.56


...CAM-B3LYP...
 P.Frequency      -35.42      -35.42      -35.42        0.00        0.00        0.00


...CAM-B3LYP...
 P.Frequency        0.00        0.00        0.00      120.54      132.65      132.65


...CAM-B3LYP...
 P.Frequency      140.85      140.85      140.85


...M11...
 P.Frequency       -0.00        0.00        0.00        0.00        0.00        0.00


...M11...
 P.Frequency       49.83       49.83       49.83      147.62      147.62      147.62


...M11...
 P.Frequency      220.91      220.91      220.91      562.78      562.78      626.52


...M11...
 P.Frequency      626.52      626.52      653.13


...PW6B95...
 P.Frequency      -33.55      -33.55      -33.55      -18.98      -18.98      -18.98


...PW6B95...
 P.Frequency      -18.92      -18.92      -18.92       -0.00       -0.00        0.00


...PW6B95...
 P.Frequency        0.00        0.00        0.00       99.67      104.49      104.49


...PW6B95...
 P.Frequency      113.64      113.64      113.64


...mPW1B95...
 P.Frequency      -34.92      -34.92      -34.92      -20.37      -20.37      -20.37


...mPW1B95...
 P.Frequency      -19.75      -19.75      -19.75       -0.00       -0.00       -0.00


...mPW1B95...
 P.Frequency       -0.00       -0.00       -0.00       96.16      101.62      101.62


...mPW1B95...
 P.Frequency      110.33      110.33      110.33


...mPWB1K...
 P.Frequency      -48.39      -48.39      -48.39      -32.76      -32.76      -32.76


...mPWB1K...
 P.Frequency      -29.23      -29.23      -29.23       -0.00       -0.00       -0.00


...mPWB1K...
 P.Frequency        0.00        0.00        0.00      124.37      131.49      131.49


...mPWB1K...
 P.Frequency      142.08      142.08      142.08


...B1B95...
 P.Frequency       -0.00        0.00        0.00        0.00        0.00        0.00


...B1B95...
 P.Frequency        3.82        3.82        3.82        4.56        4.56        4.56


...B1B95...
 P.Frequency       10.82       10.82       10.82       62.70       62.70       63.70


...B1B95...
 P.Frequency       66.04       66.04       66.04


...BB1K...
 P.Frequency      -46.02      -46.02      -46.02      -30.97      -30.97      -30.97


...BB1K...
 P.Frequency      -27.87      -27.87      -27.87       -0.00       -0.00       -0.00


...BB1K...
 P.Frequency       -0.00       -0.00        0.00      117.37      124.17      124.17


...BB1K...
 P.Frequency      134.00      134.00      134.00


...M06-HF...
 P.Frequency     -186.37     -186.37     -186.37       -0.00        0.00        0.00


...M06-HF...
 P.Frequency        0.00        0.00        0.00      157.37      157.37      157.37


...M06-HF...
 P.Frequency      231.39      231.39      231.39      606.97      606.97      643.25


...M06-HF...
 P.Frequency      643.25      643.25      706.71


...M06-2X...
 P.Frequency      -86.05      -86.05      -86.05       -0.00       -0.00       -0.00


...M06-2X...
 P.Frequency       -0.00       -0.00       -0.00      149.41      149.41      149.41


...M06-2X...
 P.Frequency      221.97      221.97      221.97      561.55      561.55      623.41


...M06-2X...
 P.Frequency      623.41      623.41      657.50


...M06...
 P.Frequency      -40.37      -40.37      -40.37      -28.30      -28.30      -28.30


...M06...
 P.Frequency      -24.73      -24.73      -24.73       -0.00       -0.00       -0.00


...M06...
 P.Frequency       -0.00        0.00        0.00       98.39      103.31      103.31


...M06...
 P.Frequency      111.00      111.00      111.00


...SOGGA11-X...
 P.Frequency      -47.76      -47.76      -47.76      -32.45      -32.45      -32.45


...SOGGA11-X...
 P.Frequency      -27.60      -27.60      -27.60       -0.00        0.00        0.00


...SOGGA11-X...
 P.Frequency        0.00        0.00        0.00      101.12      108.95      108.95


...SOGGA11-X...
 P.Frequency      115.92      115.92      115.92


...BHandH...
 P.Frequency      -76.87      -76.87      -76.87       -0.00       -0.00       -0.00


...BHandH...
 P.Frequency       -0.00       -0.00       -0.00      148.94      148.94      148.94


...BHandH...
 P.Frequency      225.70      225.70      225.70      564.35      564.35      625.95


...BHandH...
 P.Frequency      625.95      625.95      661.91


...BHandHLYP...
 P.Frequency     -121.01     -121.01     -121.01       -0.00       -0.00        0.00


...BHandHLYP...
 P.Frequency        0.00        0.00        0.00      146.88      146.88      146.88


...BHandHLYP...
 P.Frequency      220.77      220.77      220.77      598.56      598.56      652.34


...BHandHLYP...
 P.Frequency      652.34      652.34      703.49


...mPW1K...
 P.Frequency      -45.78      -45.78      -45.78      -30.45      -30.45      -30.45


...mPW1K...
 P.Frequency      -27.80      -27.80      -27.80       -0.00       -0.00       -0.00


...mPW1K...
 P.Frequency       -0.00       -0.00        0.00      101.02      104.51      104.51


...mPW1K...
 P.Frequency      104.51      114.47      114.47


...B3LYP20...
 P.Frequency      -27.15      -27.15      -27.15      -16.22      -16.22      -16.22


...B3LYP20...
 P.Frequency      -15.14      -15.14      -15.14       -0.00        0.00        0.00


...B3LYP20...
 P.Frequency        0.00        0.00        0.00       78.90       82.38       82.38


...B3LYP20...
 P.Frequency       88.50       88.50       88.50


...PBE0...
 P.Frequency      -32.90      -32.90      -32.90      -18.64      -18.64      -18.64


...PBE0...
 P.Frequency      -17.95      -17.95      -17.95       -0.00       -0.00       -0.00


...PBE0...
 P.Frequency       -0.00       -0.00        0.00       80.55       86.17       86.17


...PBE0...
 P.Frequency       92.36       92.36       92.36


...M11-L...
 P.Frequency      -11.22      -11.22      -11.22       -9.74       -9.74       -9.74


...M11-L...
 P.Frequency       -6.95       -6.95       -6.95       -0.00       -0.00       -0.00


...M11-L...
 P.Frequency       -0.00        0.00        0.00       50.86       50.86       51.59


...M11-L...
 P.Frequency       55.25       55.25       55.25


...M06-L...
 P.Frequency       -0.00       -0.00       -0.00       -0.00       -0.00        0.00


...M06-L...
 P.Frequency        8.33        8.33        8.33        9.44        9.44        9.44


...M06-L...
 P.Frequency       10.87       10.87       10.87       53.14       53.14       53.39


...M06-L...
 P.Frequency       58.38       58.38       58.38


...TPSS...
 P.Frequency       -0.00       -0.00       -0.00       -0.00       -0.00        0.00


...TPSS...
 P.Frequency        2.28        2.28        2.28        6.76        6.76        6.76


...TPSS...
 P.Frequency        9.61        9.61        9.61       49.28       49.28       51.88


...TPSS...
 P.Frequency       51.88       51.88      241.25


...revPBE...
 P.Frequency       -0.00       -0.00       -0.00       -0.00       -0.00       -0.00


...revPBE...
 P.Frequency        7.57        7.57        7.57        9.08        9.08        9.08


...revPBE...
 P.Frequency        9.58        9.58        9.58       53.23       53.23       54.14


...revPBE...
 P.Frequency       58.05       58.05       58.05


...mPW91...
 P.Frequency       -0.00        0.00        0.00        0.00        0.00        0.00


...mPW91...
 P.Frequency        5.91        5.91        5.91        6.03        6.03        6.03


...mPW91...
 P.Frequency        9.84        9.84        9.84       52.32       52.32       53.87


...mPW91...
 P.Frequency       55.98       55.98       55.98


...PW91...
 P.Frequency       -7.05       -7.05       -7.05       -3.51       -3.51       -3.51


...PW91...
 P.Frequency        0.00        0.00        0.00        0.00        0.00        0.00


...PW91...
 P.Frequency       10.12       10.12       10.12       65.38       65.38       66.07


...PW91...
 P.Frequency       69.66       69.66       69.66


...OLYP...
 P.Frequency       -0.00       -0.00       -0.00       -0.00       -0.00       -0.00


...OLYP...
 P.Frequency        6.79        6.79        6.79        8.54        8.54        8.54


...OLYP...
 P.Frequency        8.72        8.72        8.72       54.40       54.40       55.18


...OLYP...
 P.Frequency       59.22       59.22       59.22


...BP86...
 P.Frequency       -0.00       -0.00       -0.00       -0.00        0.00        0.00


...BP86...
 P.Frequency        6.79        6.79        6.79        8.02        8.02        8.02


...BP86...
 P.Frequency        8.82        8.82        8.82       37.95       37.95       38.84


...BP86...
 P.Frequency       38.98       38.98       38.98


...BLYP...
 P.Frequency       -0.00        0.00        0.00        0.00        0.00        0.00


...BLYP...
 P.Frequency        4.85        4.85        4.85        5.18        5.18        5.18


...BLYP...
 P.Frequency       10.43       10.43       10.43       59.95       59.95       61.37


...BLYP...
 P.Frequency       63.81       63.81       63.81


...PBE...
 P.Frequency       -0.00       -0.00       -0.00       -0.00       -0.00       -0.00


...PBE...
 P.Frequency        3.82        3.82        3.82        4.56        4.56        4.56


...PBE...
 P.Frequency       10.82       10.82       10.82       62.70       62.70       63.70


...PBE...
 P.Frequency       66.04       66.04       66.04

