
...LRC-wPBEh...
 P.Frequency       -0.00       -0.00        0.00        0.00        0.00        0.00


...LRC-wPBEh...
 P.Frequency       78.00       78.00      124.42      217.10      229.40      229.40


...LRC-wPBEh...
 P.Frequency      326.83      326.83      341.46      548.13      548.13      603.21


...LRC-wPBEh...
 P.Frequency      658.16      658.16      666.21


...LC-wPBE...
 P.Frequency       -0.00        0.00        0.00        0.00        0.00        0.00


...LC-wPBE...
 P.Frequency       74.91       74.91      177.38      248.66      259.61      259.61


...LC-wPBE...
 P.Frequency      365.67      365.67      374.80      565.66      565.66      618.31


...LC-wPBE...
 P.Frequency      684.30      684.30      701.68


...LC-BLYP...
 P.Frequency       -0.00       -0.00       -0.00       -0.00        0.00        0.00


...LC-BLYP...
 P.Frequency       77.31       77.31      128.28      217.56      230.41      230.41


...LC-BLYP...
 P.Frequency      327.98      327.98      342.30      569.41      569.41      623.55


...LC-BLYP...
 P.Frequency      676.06      676.06      688.14


...CAM-B3LYP...
 P.Frequency       -0.00       -0.00        0.00        0.00        0.00        0.00


...CAM-B3LYP...
 P.Frequency       78.40       78.40       96.76      205.38      215.96      215.96


...CAM-B3LYP...
 P.Frequency      313.45      313.45      329.87      547.70      547.70      606.27


...CAM-B3LYP...
 P.Frequency      655.13      655.13      663.92


...M11...
 P.Frequency       -0.00       -0.00       -0.00        0.00        0.00        0.00


...M11...
 P.Frequency       67.69       67.69      179.48      247.50      257.78      257.78


...M11...
 P.Frequency      361.29      361.29      369.47      554.61      554.61      606.60


...M11...
 P.Frequency      671.53      671.53      683.91


...PW6B95...
 P.Frequency       -0.00       -0.00       -0.00       -0.00       -0.00        0.00


...PW6B95...
 P.Frequency       76.44       76.44       84.85      198.65      208.06      208.06


...PW6B95...
 P.Frequency      302.28      302.28      317.78      535.81      535.81      592.87


...PW6B95...
 P.Frequency      643.93      643.93      646.96


...mPW1B95...
 P.Frequency       -0.00       -0.00       -0.00       -0.00       -0.00        0.00


...mPW1B95...
 P.Frequency       75.43       75.43      131.29      221.47      231.90      231.90


...mPW1B95...
 P.Frequency      329.93      329.93      343.49      545.13      545.13      597.69


...mPW1B95...
 P.Frequency      659.42      659.42      665.24


...mPWB1K...
 P.Frequency       -0.00        0.00        0.00        0.00        0.00        0.00


...mPWB1K...
 P.Frequency       75.46       75.46      206.46      260.65      269.80      269.80


...mPWB1K...
 P.Frequency      377.11      377.11      381.01      561.65      561.65      612.31


...mPWB1K...
 P.Frequency      690.56      690.56      704.26


...B1B95...
 P.Frequency        0.00        0.00        0.00        0.00        0.00        0.00


...B1B95...
 P.Frequency       60.56       60.56      213.67      267.11      273.85      273.85


...B1B95...
 P.Frequency      382.55      382.55      384.89      560.23      560.23      609.82


...B1B95...
 P.Frequency      689.66      689.66      703.99


...BB1K...
 P.Frequency       -0.00       -0.00        0.00        0.00        0.00        0.00


...BB1K...
 P.Frequency       75.77       75.77      191.84      253.93      263.27      263.27


...BB1K...
 P.Frequency      369.16      369.16      376.25      557.83      557.83      608.54


...BB1K...
 P.Frequency      684.23      684.23      696.94


...M06-HF...
 P.Frequency       -0.00       -0.00       -0.00       -0.00        0.00        0.00


...M06-HF...
 P.Frequency       44.07       44.07      267.18      305.03      306.54      306.54


...M06-HF...
 P.Frequency      415.56      426.09      426.09      594.14      594.14      644.92


...M06-HF...
 P.Frequency      735.67      735.67      756.97


...M06-2X...
 P.Frequency       -0.00       -0.00       -0.00       -0.00       -0.00        0.00


...M06-2X...
 P.Frequency       60.56       60.56      213.67      267.11      273.85      273.85


...M06-2X...
 P.Frequency      382.55      382.55      384.89      560.23      560.23      609.82


...M06-2X...
 P.Frequency      689.66      689.66      703.99


...SOGGA11-X...
 P.Frequency       -0.00       -0.00        0.00        0.00        0.00        0.00


...SOGGA11-X...
 P.Frequency       75.76       75.76      141.90      228.77      239.00      239.00


...SOGGA11-X...
 P.Frequency      340.49      340.49      354.61      543.34      543.34      597.64


...SOGGA11-X...
 P.Frequency      662.16      662.16      671.04


...BHandH...
 P.Frequency       -0.00       -0.00       -0.00       -0.00        0.00        0.00


...BHandH...
 P.Frequency       90.35       90.35      195.75      268.72      271.32      271.32


...BHandH...
 P.Frequency      387.48      387.48      388.41      560.09      560.09      614.63


...BHandH...
 P.Frequency      691.90      691.90      708.44


...BHandHLYP...
 P.Frequency       -0.00       -0.00       -0.00        0.00        0.00        0.00


...BHandHLYP...
 P.Frequency       75.09       75.09      233.45      287.51      291.07      291.07


...BHandHLYP...
 P.Frequency      408.09      409.31      409.31      593.02      593.02      644.63


...BHandHLYP...
 P.Frequency      735.33      735.33      757.83


...mPW1K...
 P.Frequency       -0.00       -0.00       -0.00       -0.00       -0.00       -0.00


...mPW1K...
 P.Frequency       74.49       74.49      192.17      253.88      264.52      264.52


...mPW1K...
 P.Frequency      371.78      371.78      377.98      556.50      556.50      609.85


...mPW1K...
 P.Frequency      684.15      684.15      696.12


...PBE0...
 P.Frequency       -0.00       -0.00       -0.00        0.00        0.00        0.00


...PBE0...
 P.Frequency       82.68       85.49       85.49      141.98      142.12      142.12


...PBE0...
 P.Frequency      216.27      216.27      216.33      535.45      535.45      614.87


...PBE0...
 P.Frequency      614.87      615.66      617.79


...M11-L...
 P.Frequency       -0.00        0.00        0.00        0.00        0.00        0.00


...M11-L...
 P.Frequency       79.28       79.28      253.50      291.21      291.21      293.58


...M11-L...
 P.Frequency      397.60      406.20      406.20      520.21      520.21      566.14


...M11-L...
 P.Frequency      675.84      675.84      687.21


...M06-L...
 P.Frequency       -0.00       -0.00       -0.00        0.00        0.00        0.00


...M06-L...
 P.Frequency      114.42      116.12      116.12      131.91      131.91      133.82


...M06-L...
 P.Frequency      201.87      203.46      203.46      493.93      493.93      560.83


...M06-L...
 P.Frequency      584.07      584.46      584.46


...revPBE...
 P.Frequency       -0.00       -0.00       -0.00        0.00        0.00        0.00


...revPBE...
 P.Frequency      129.29      129.37      129.37      151.32      151.32      151.82


...revPBE...
 P.Frequency      201.36      201.36      201.40      432.45      432.45      476.80


...revPBE...
 P.Frequency      530.84      530.94      530.94


...mPW91...
 P.Frequency       -0.00       -0.00       -0.00        0.00        0.00        0.00


...mPW91...
 P.Frequency      132.30      132.35      132.35      134.72      134.72      134.95


...mPW91...
 P.Frequency      205.06      205.09      205.09      493.65      493.65      552.34


...mPW91...
 P.Frequency      586.93      587.06      587.06


...OLYP...
 P.Frequency       -0.00       -0.00       -0.00        0.00        0.00        0.00


...OLYP...
 P.Frequency      134.68      134.68      134.68      135.01      135.01      135.23


...OLYP...
 P.Frequency      208.11      208.11      208.14      484.76      484.76      546.12


...OLYP...
 P.Frequency      578.79      578.86      578.86


...BP86...
 P.Frequency       -0.00       -0.00       -0.00        0.00        0.00        0.00


...BP86...
 P.Frequency      132.42      132.42      132.58      136.16      136.16      136.51


...BP86...
 P.Frequency      205.59      205.74      205.74      492.96      492.96      550.88


...BP86...
 P.Frequency      586.28      586.40      586.40


...BLYP...
 P.Frequency       -0.00       -0.00        0.00        0.00        0.00        0.00


...BLYP...
 P.Frequency      131.44      131.55      131.55      141.39      141.39      141.75


...BLYP...
 P.Frequency      204.90      204.90      204.98      480.38      480.38      535.11


...BLYP...
 P.Frequency      575.82      575.94      575.94


...PBE...
 P.Frequency       -0.00        0.00        0.00        0.00        0.00        0.00


...PBE...
 P.Frequency      131.70      131.70      131.71      132.31      132.31      132.63


...PBE...
 P.Frequency      204.03      204.08      204.08      495.56      495.56      554.47


...PBE...
 P.Frequency      588.45      588.54      588.54

