
...LRC-wPBEh...
    1 Xe                  54.0000     0.00000000     0.00000000     0.10800566

    2 F                    9.0000     1.00430726     1.00430726    -1.09791194

    3 F                    9.0000    -1.37190923     0.36760197    -1.09791194

    4 F                    9.0000     0.36760197    -1.37190923    -1.09791194

    5 F                    9.0000    -0.46841263     1.74813972     0.83311380

    6 F                    9.0000    -1.27972709    -1.27972709     0.83311380

    7 F                    9.0000     1.74813972    -0.46841263     0.83311380




...LC-wPBE...
    1 Xe                  54.0000    -0.00000000    -0.00000000     0.14249103

    2 F                    9.0000     0.98768407     0.98768407    -1.06206698

    3 F                    9.0000    -1.34920154     0.36151746    -1.06206698

    4 F                    9.0000     0.36151746    -1.34920154    -1.06206698

    5 F                    9.0000    -0.47346969     1.76701292     0.78577372

    6 F                    9.0000    -1.29354324    -1.29354324     0.78577372

    7 F                    9.0000     1.76701292    -0.47346969     0.78577372




...LC-PBE...
    1 Xe                  54.0000    -0.00000000    -0.00000000     0.12518156

    2 F                    9.0000     0.99374079     0.99374079    -1.07816662

    3 F                    9.0000    -1.35747516     0.36373437    -1.07816662

    4 F                    9.0000     0.36373437    -1.35747516    -1.07816662

    5 F                    9.0000    -0.46822711     1.74744736     0.80764318

    6 F                    9.0000    -1.27922025    -1.27922025     0.80764318

    7 F                    9.0000     1.74744736    -0.46822711     0.80764318




...LC-BLYP...
    1 Xe                  54.0000     0.00000000     0.00000000     0.10934090

    2 F                    9.0000     1.00068840     1.00068840    -1.09341833

    3 F                    9.0000    -1.36696578     0.36627738    -1.09341833

    4 F                    9.0000     0.36627738    -1.36696578    -1.09341833

    5 F                    9.0000    -0.46613929     1.73965550     0.82817511

    6 F                    9.0000    -1.27351621    -1.27351621     0.82817511

    7 F                    9.0000     1.73965550    -0.46613929     0.82817511




...CAM-B3LYP...
    1 Xe                  54.0000     0.00000000     0.00000000     0.08596911

    2 F                    9.0000     1.01125386     1.01125386    -1.11533930

    3 F                    9.0000    -1.38139846     0.37014460    -1.11533930

    4 F                    9.0000     0.37014460    -1.38139846    -1.11533930

    5 F                    9.0000    -0.46360772     1.73020756     0.85788669

    6 F                    9.0000    -1.26659984    -1.26659984     0.85788669

    7 F                    9.0000     1.73020756    -0.46360772     0.85788669




...M11...
    1 Xe                  54.0000     0.00000000     0.00000000     0.14951469

    2 F                    9.0000     0.99464954     0.99464954    -1.06736282

    3 F                    9.0000    -1.35871654     0.36406700    -1.06736282

    4 F                    9.0000     0.36406700    -1.35871654    -1.06736282

    5 F                    9.0000    -0.47882635     1.78700428     0.78872834

    6 F                    9.0000    -1.30817792    -1.30817792     0.78872834

    7 F                    9.0000     1.78700428    -0.47882635     0.78872834




...PW6B95...
    1 Xe                  54.0000    -0.00000000    -0.00000000     0.08823462

    2 F                    9.0000     1.01287950     1.01287950    -1.11710894

    3 F                    9.0000    -1.38361913     0.37073963    -1.11710894

    4 F                    9.0000     0.37073963    -1.38361913    -1.11710894

    5 F                    9.0000    -0.46466470     1.73415228     0.85890115

    6 F                    9.0000    -1.26948758    -1.26948758     0.85890115

    7 F                    9.0000     1.73415228    -0.46466470     0.85890115




...mPW1B95...
    1 Xe                  54.0000     0.00000000     0.00000000     0.12321932

    2 F                    9.0000     0.99734962     0.99734962    -1.08487255

    3 F                    9.0000    -1.36240492     0.36505530    -1.08487255

    4 F                    9.0000     0.36505530    -1.36240492    -1.08487255

    5 F                    9.0000    -0.47124677     1.75871688     0.81500320

    6 F                    9.0000    -1.28747011    -1.28747011     0.81500320

    7 F                    9.0000     1.75871688    -0.47124677     0.81500320




...mPWB1K...
    1 Xe                  54.0000     0.00000000     0.00000000     0.16369645

    2 F                    9.0000     0.97573294     0.97573294    -1.03955853

    3 F                    9.0000    -1.33287598     0.35714304    -1.03955853

    4 F                    9.0000     0.35714304    -1.33287598    -1.03955853

    5 F                    9.0000    -0.47636308     1.77781121     0.75619680

    6 F                    9.0000    -1.30144813    -1.30144813     0.75619680

    7 F                    9.0000     1.77781121    -0.47636308     0.75619680




...B1B95...
    1 Xe                  54.0000     0.00000000    -0.00000000     0.17394517

    2 F                    9.0000     0.98029364     0.98029364    -1.03655166

    3 F                    9.0000    -1.33910601     0.35881237    -1.03655166

    4 F                    9.0000     0.35881237    -1.33910601    -1.03655166

    5 F                    9.0000    -0.48050918     1.79328468     0.74977369

    6 F                    9.0000    -1.31277550    -1.31277550     0.74977369

    7 F                    9.0000     1.79328468    -0.48050918     0.74977369




...BB1K...
    1 Xe                  54.0000     0.00000000    -0.00000000     0.15759178

    2 F                    9.0000     0.97922404     0.97922404    -1.04685132

    3 F                    9.0000    -1.33764491     0.35842087    -1.04685132

    4 F                    9.0000     0.35842087    -1.33764491    -1.04685132

    5 F                    9.0000    -0.47598763     1.77641000     0.76552448

    6 F                    9.0000    -1.30042238    -1.30042238     0.76552448

    7 F                    9.0000     1.77641000    -0.47598763     0.76552448




...M06-HF...
    1 Xe                  54.0000     0.00000000     0.00000000     0.19187843

    2 F                    9.0000     0.96850743     0.96850743    -1.00819871

    3 F                    9.0000    -1.32300576     0.35449832    -1.00819871

    4 F                    9.0000     0.35449832    -1.32300576    -1.00819871

    5 F                    9.0000    -0.47952621     1.78961618     0.71544298

    6 F                    9.0000    -1.31008997    -1.31008997     0.71544298

    7 F                    9.0000     1.78961618    -0.47952621     0.71544298




...M06-2X...
    1 Xe                  54.0000    -0.00000000    -0.00000000     0.17394517

    2 F                    9.0000     0.98029363     0.98029363    -1.03655166

    3 F                    9.0000    -1.33910601     0.35881237    -1.03655166

    4 F                    9.0000     0.35881237    -1.33910601    -1.03655166

    5 F                    9.0000    -0.48050918     1.79328468     0.74977369

    6 F                    9.0000    -1.31277550    -1.31277550     0.74977369

    7 F                    9.0000     1.79328468    -0.48050918     0.74977369




...SOGGA11-X...
    1 Xe                  54.0000     0.00000000     0.00000000     0.12737351

    2 F                    9.0000     0.99537089     0.99537089    -1.08044531

    3 F                    9.0000    -1.35970192     0.36433103    -1.08044531

    4 F                    9.0000     0.36433103    -1.35970192    -1.08044531

    5 F                    9.0000    -0.47377350     1.76814676     0.80919123

    6 F                    9.0000    -1.29437326    -1.29437326     0.80919123

    7 F                    9.0000     1.76814676    -0.47377350     0.80919123




...BHandH...
    1 Xe                  54.0000    -0.00000000     0.00000000     0.15643865

    2 F                    9.0000     0.97737484     0.97737484    -1.04356317

    3 F                    9.0000    -1.33511886     0.35774402    -1.04356317

    4 F                    9.0000     0.35774402    -1.33511886    -1.04356317

    5 F                    9.0000    -0.47611311     1.77687833     0.76262070

    6 F                    9.0000    -1.30076522    -1.30076522     0.76262070

    7 F                    9.0000     1.77687833    -0.47611311     0.76262070




...BHandHLYP...
    1 Xe                  54.0000     0.00000000     0.00000000     0.18071731

    2 F                    9.0000     0.95709130     0.95709130    -1.00807204

    3 F                    9.0000    -1.30741103     0.35031973    -1.00807204

    4 F                    9.0000     0.35031973    -1.30741103    -1.00807204

    5 F                    9.0000    -0.47332161     1.76646030     0.71903669

    6 F                    9.0000    -1.29313869    -1.29313869     0.71903669

    7 F                    9.0000     1.76646030    -0.47332161     0.71903669




...mPW1K...
    1 Xe                  54.0000    -0.00000000     0.00000000     0.14972731

    2 F                    9.0000     0.98140117     0.98140117    -1.05195332

    3 F                    9.0000    -1.34061892     0.35921776    -1.05195332

    4 F                    9.0000     0.35921776    -1.34061892    -1.05195332

    5 F                    9.0000    -0.47519542     1.77345345     0.77324797

    6 F                    9.0000    -1.29825803    -1.29825803     0.77324797

    7 F                    9.0000     1.77345345    -0.47519542     0.77324797




...PBE0...
    1 Xe                  54.0000     0.00000000     0.00000000    -0.09805432

    2 F                    9.0000     1.11128687     1.11128687    -1.20933596

    3 F                    9.0000    -1.51804609     0.40675922    -1.20933596

    4 F                    9.0000     0.40675922    -1.51804609    -1.20933596

    5 F                    9.0000    -0.40675330     1.51802400     1.01322448

    6 F                    9.0000    -1.11127069    -1.11127069     1.01322448

    7 F                    9.0000     1.51802400    -0.40675330     1.01322448




...M11-L...
    1 Xe                  54.0000     0.00000000     0.00000000     0.21109039

    2 F                    9.0000     0.94965733     0.94965733    -0.98494806

    3 F                    9.0000    -1.29725603     0.34759871    -0.98494806

    4 F                    9.0000     0.34759871    -1.29725603    -0.98494806

    5 F                    9.0000    -0.48046579     1.79312272     0.68578835

    6 F                    9.0000    -1.31265694    -1.31265694     0.68578835

    7 F                    9.0000     1.79312272    -0.48046579     0.68578835




...M06-L...
    1 Xe                  54.0000     0.00000000     0.00000000    -0.09809714

    2 F                    9.0000     1.12891904     1.12891904    -1.22626679

    3 F                    9.0000    -1.54213209     0.41321305    -1.22626679

    4 F                    9.0000     0.41321305    -1.54213209    -1.22626679

    5 F                    9.0000    -0.41318224     1.54201710     1.03016958

    6 F                    9.0000    -1.12883486    -1.12883486     1.03016958

    7 F                    9.0000     1.54201710    -0.41318224     1.03016958




...revPBE...
    1 Xe                  54.0000    -0.00000000    -0.00000000    -0.09787822

    2 F                    9.0000     1.17027047     1.17027047    -1.26878948

    3 F                    9.0000    -1.59861919     0.42834872    -1.26878948

    4 F                    9.0000     0.42834872    -1.59861919    -1.26878948

    5 F                    9.0000    -0.42855125     1.59937505     1.07261930

    6 F                    9.0000    -1.17082380    -1.17082380     1.07261930

    7 F                    9.0000     1.59937505    -0.42855125     1.07261930




...mPW91...
    1 Xe                  54.0000    -0.00000000    -0.00000000    -0.09813733

    2 F                    9.0000     1.13296045     1.13296045    -1.23091858

    3 F                    9.0000    -1.54765275     0.41469230    -1.23091858

    4 F                    9.0000     0.41469230    -1.54765275    -1.23091858

    5 F                    9.0000    -0.41468525     1.54762641     1.03483477

    6 F                    9.0000    -1.13294116    -1.13294116     1.03483477

    7 F                    9.0000     1.54762641    -0.41468525     1.03483477




...OLYP...
    1 Xe                  54.0000     0.00000000     0.00000000    -0.09810706

    2 F                    9.0000     1.13148198     1.13148198    -1.22958204

    3 F                    9.0000    -1.54563312     0.41415115    -1.22958204

    4 F                    9.0000     0.41415115    -1.54563312    -1.22958204

    5 F                    9.0000    -0.41415970     1.54566503     1.03348814

    6 F                    9.0000    -1.13150533    -1.13150533     1.03348814

    7 F                    9.0000     1.54566503    -0.41415970     1.03348814




...BP86...
    1 Xe                  54.0000     0.00000000    -0.00000000    -0.09810192

    2 F                    9.0000     1.13371331     1.13371331    -1.23173648

    3 F                    9.0000    -1.54868118     0.41496787    -1.23173648

    4 F                    9.0000     0.41496787    -1.54868118    -1.23173648

    5 F                    9.0000    -0.41498016     1.54872703     1.03564087

    6 F                    9.0000    -1.13374688    -1.13374688     1.03564087

    7 F                    9.0000     1.54872703    -0.41498016     1.03564087




...BLYP...
    1 Xe                  54.0000    -0.00000000     0.00000000    -0.09806358

    2 F                    9.0000     1.14113923     1.14113923    -1.23939634

    3 F                    9.0000    -1.55882518     0.41768595    -1.23939634

    4 F                    9.0000     0.41768595    -1.55882518    -1.23939634

    5 F                    9.0000    -0.41782643     1.55934946     1.04328795

    6 F                    9.0000    -1.14152303    -1.14152303     1.04328795

    7 F                    9.0000     1.55934946    -0.41782643     1.04328795




...PBE...
    1 Xe                  54.0000     0.00000000     0.00000000    -0.09810694

    2 F                    9.0000     1.13232435     1.13232435    -1.23034291

    3 F                    9.0000    -1.54678383     0.41445948    -1.23034291

    4 F                    9.0000     0.41445948    -1.54678383    -1.23034291

    5 F                    9.0000    -0.41447627     1.54684650     1.03424898

    6 F                    9.0000    -1.13237023    -1.13237023     1.03424898

    7 F                    9.0000     1.54684650    -0.41447627     1.03424898



