...LRC-wPBEh...
    1 C                    6.0000     0.00000000     0.00000000     0.26260834

    2 Cl                  17.0000    -0.11502427    -1.66601987    -0.30035916

    3 Cl                  17.0000     1.50032767     0.73339599    -0.30035916

    4 F                    9.0000     0.00000000    -0.00000000     1.58988882

    5 Cl                  17.0000    -1.38530340     0.93262388    -0.30035916



      Atomic Mass 

      ----------- 

...LC-wPBE...
    1 C                    6.0000     0.00000000    -0.00000000     0.26048498

    2 Cl                  17.0000    -0.11446133    -1.65786618    -0.29955527

    3 Cl                  17.0000     1.49298489     0.72980667    -0.29955527

    4 F                    9.0000     0.00000000     0.00000000     1.58960052

    5 Cl                  17.0000    -1.37852356     0.92805951    -0.29955527



      Atomic Mass 

      ----------- 

...LC-PBE...
    1 C                    6.0000     0.00000000    -0.00000000     0.26113667

    2 Cl                  17.0000    -0.11425279    -1.65484567    -0.29870723

    3 Cl                  17.0000     1.49026479     0.72847702    -0.29870723

    4 F                    9.0000     0.00000000     0.00000000     1.58640472

    5 Cl                  17.0000    -1.37601200     0.92636866    -0.29870723



      Atomic Mass 

      ----------- 

...LC-BLYP...
    1 C                    6.0000     0.00000000     0.00000000     0.25975604

    2 Cl                  17.0000    -0.11493703    -1.66475621    -0.29918583

    3 Cl                  17.0000     1.49918969     0.73283972    -0.29918583

    4 F                    9.0000     0.00000000    -0.00000000     1.58922113

    5 Cl                  17.0000    -1.38425266     0.93191649    -0.29918583



      Atomic Mass 

      ----------- 

...CAM-B3LYP...
    1 C                    6.0000     0.00000000     0.00000000     0.26102540

    2 Cl                  17.0000    -0.11551926    -1.67318925    -0.29983256

    3 Cl                  17.0000     1.50678403     0.73655201    -0.29983256

    4 F                    9.0000     0.00000000    -0.00000000     1.58989198

    5 Cl                  17.0000    -1.39126477     0.93663724    -0.29983256



      Atomic Mass 

      ----------- 

...M11...
    1 C                    6.0000     0.00000000    -0.00000000     0.26333616

    2 Cl                  17.0000    -0.11572384    -1.67615247    -0.30238815

    3 Cl                  17.0000     1.50945254     0.73785645    -0.30238815

    4 F                    9.0000    -0.00000000     0.00000000     1.59524797

    5 Cl                  17.0000    -1.39372870     0.93829602    -0.30238815



      Atomic Mass 

      ----------- 

...PW6B95...
    1 C                    6.0000     0.00000000     0.00000000     0.26299371

    2 Cl                  17.0000    -0.11531072    -1.67016885    -0.30015846

    3 Cl                  17.0000     1.50406401     0.73522241    -0.30015846

    4 F                    9.0000     0.00000000    -0.00000000     1.58890137

    5 Cl                  17.0000    -1.38875329     0.93494644    -0.30015846



      Atomic Mass 

      ----------- 

...mPW1B95...
    1 C                    6.0000     0.00000000     0.00000000     0.26268764

    2 Cl                  17.0000    -0.11496601    -1.66517602    -0.29901165

    3 Cl                  17.0000     1.49956775     0.73302452    -0.29901165

    4 F                    9.0000     0.00000000     0.00000000     1.58576699

    5 Cl                  17.0000    -1.38460173     0.93215150    -0.29901165



      Atomic Mass 

      ----------- 

...mPWB1K...
    1 C                    6.0000    -0.00000000     0.00000000     0.26147156

    2 Cl                  17.0000    -0.11439888    -1.65696168    -0.29616748

    3 Cl                  17.0000     1.49217035     0.72940850    -0.29616748

    4 F                    9.0000    -0.00000000     0.00000000     1.57845058

    5 Cl                  17.0000    -1.37777146     0.92755318    -0.29616748



      Atomic Mass 

      ----------- 

...B1B95...
...BB1K...
...M06-HF...
    1 C                    6.0000     0.00000000     0.00000000     0.26166990

    2 Cl                  17.0000    -0.11496029    -1.66509310    -0.30051665

    3 Cl                  17.0000     1.49949307     0.73298802    -0.30051665

    4 F                    9.0000     0.00000000     0.00000000     1.59129973

    5 Cl                  17.0000    -1.38453278     0.93210508    -0.30051665



      Atomic Mass 

      ----------- 

...M06-2X...
    1 C                    6.0000     0.00000000    -0.00000000     0.26245582

    2 Cl                  17.0000    -0.11546734    -1.67243733    -0.29962411

    3 Cl                  17.0000     1.50610689     0.73622101    -0.29962411

    4 F                    9.0000     0.00000000    -0.00000000     1.58783622

    5 Cl                  17.0000    -1.39063954     0.93621632    -0.29962411



      Atomic Mass 

      ----------- 

...M06...
    1 C                    6.0000     0.00000000     0.00000000     0.26541025

    2 Cl                  17.0000    -0.11577922    -1.67695463    -0.30014482

    3 Cl                  17.0000     1.51017492     0.73820957    -0.30014482

    4 F                    9.0000     0.00000000    -0.00000000     1.58644389

    5 Cl                  17.0000    -1.39439570     0.93874506    -0.30014482



      Atomic Mass 

      ----------- 

...SOGGA11-X...
    1 C                    6.0000     0.00000000     0.00000000     0.25875283

    2 Cl                  17.0000    -0.11530302    -1.67005731    -0.29844621

    3 Cl                  17.0000     1.50396357     0.73517331    -0.29844621

    4 F                    9.0000     0.00000000     0.00000000     1.58800550

    5 Cl                  17.0000    -1.38866054     0.93488400    -0.29844621



      Atomic Mass 

      ----------- 

...BHandH...
    1 C                    6.0000     0.00000000     0.00000000     0.26237609

    2 Cl                  17.0000    -0.11501064    -1.66582234    -0.29665892

    3 Cl                  17.0000     1.50014978     0.73330904    -0.29665892

    4 F                    9.0000    -0.00000000     0.00000000     1.57902036

    5 Cl                  17.0000    -1.38513915     0.93251330    -0.29665892



      Atomic Mass 

      ----------- 

...BHandHLYP...
    1 C                    6.0000    -0.00000000     0.00000000     0.25899298

    2 Cl                  17.0000    -0.11318232    -1.63934084    -0.28988561

    3 Cl                  17.0000     1.47630197     0.72165166    -0.28988561

    4 F                    9.0000     0.00000000     0.00000000     1.56208355

    5 Cl                  17.0000    -1.36311965     0.91768918    -0.28988561



      Atomic Mass 

      ----------- 

...mPW1K...
    1 C                    6.0000     0.00000000     0.00000000     0.26210564

    2 Cl                  17.0000    -0.11465795    -1.66071399    -0.29688179

    3 Cl                  17.0000     1.49554948     0.73106030    -0.29688179

    4 F                    9.0000     0.00000000     0.00000000     1.57995943

    5 Cl                  17.0000    -1.38089153     0.92965369    -0.29688179



      Atomic Mass 

      ----------- 

...PBE0...
    1 C                    6.0000     0.00000000     0.00000000     0.26341917

    2 Cl                  17.0000    -0.11533943    -1.67058465    -0.30057320

    3 Cl                  17.0000     1.50443846     0.73540545    -0.30057320

    4 F                    9.0000    -0.00000000     0.00000000     1.58972014

    5 Cl                  17.0000    -1.38909903     0.93517920    -0.30057320



      Atomic Mass 

      ----------- 

...M11-L...
    1 C                    6.0000     0.00000000    -0.00000000     0.26453001

    2 Cl                  17.0000    -0.11447797    -1.65810724    -0.29279653

    3 Cl                  17.0000     1.49320198     0.72991279    -0.29279653

    4 F                    9.0000     0.00000000    -0.00000000     1.56527927

    5 Cl                  17.0000    -1.37872401     0.92819446    -0.29279653



      Atomic Mass 

      ----------- 

...M06-L...
    1 C                    6.0000    -0.00000000     0.00000000     0.26386551

    2 Cl                  17.0000    -0.11602134    -1.68046149    -0.30082650

    3 Cl                  17.0000     1.51333302     0.73975332    -0.30082650

    4 F                    9.0000    -0.00000000     0.00000000     1.59003369

    5 Cl                  17.0000    -1.39731167     0.94070818    -0.30082650



      Atomic Mass 

      ----------- 

...TPSS...
    1 C                    6.0000     0.00000000     0.00000000     0.26682532

    2 Cl                  17.0000    -0.11679354    -1.69164602    -0.30724325

    3 Cl                  17.0000     1.52340520     0.74467684    -0.30724325

    4 F                    9.0000    -0.00000000     0.00000000     1.60632412

    5 Cl                  17.0000    -1.40661166     0.94696918    -0.30724325



      Atomic Mass 

      ----------- 

...revPBE...
    1 C                    6.0000     0.00000000     0.00000000     0.27283378

    2 Cl                  17.0000    -0.12084853    -1.75037886    -0.32018333

    3 Cl                  17.0000     1.57629682     0.77053153    -0.32018333

    4 F                    9.0000     0.00000000     0.00000000     1.63913589

    5 Cl                  17.0000    -1.45544829     0.97984733    -0.32018333



      Atomic Mass 

      ----------- 

...mPW91...
    1 C                    6.0000     0.00000000     0.00000000     0.26660673

    2 Cl                  17.0000    -0.11677171    -1.69132987    -0.30732918

    3 Cl                  17.0000     1.52312049     0.74453767    -0.30732918

    4 F                    9.0000     0.00000000     0.00000000     1.60680050

    5 Cl                  17.0000    -1.40634878     0.94679220    -0.30732918



      Atomic Mass 

      ----------- 

...PW91...
    1 C                    6.0000     0.00000000     0.00000000     0.26630883

    2 Cl                  17.0000    -0.11661480    -1.68905720    -0.30676242

    3 Cl                  17.0000     1.52107385     0.74353722    -0.30676242

    4 F                    9.0000     0.00000000     0.00000000     1.60539812

    5 Cl                  17.0000    -1.40445904     0.94551998    -0.30676242



      Atomic Mass 

      ----------- 

...OLYP...
    1 C                    6.0000     0.00000000    -0.00000000     0.26550727

    2 Cl                  17.0000    -0.11658524    -1.68862902    -0.30560334

    3 Cl                  17.0000     1.52068825     0.74334873    -0.30560334

    4 F                    9.0000    -0.00000000     0.00000000     1.60272244

    5 Cl                  17.0000    -1.40410301     0.94528029    -0.30560334



      Atomic Mass 

      ----------- 

...B3LYP...
    1 C                    6.0000     0.00000000     0.00000000     0.26406675

    2 Cl                  17.0000    -0.11650045    -1.68740086    -0.30327990

    3 Cl                  17.0000     1.51958224     0.74280809    -0.30327990

    4 F                    9.0000     0.00000000     0.00000000     1.59719264

    5 Cl                  17.0000    -1.40308179     0.94459278    -0.30327990



      Atomic Mass 

      ----------- 

...BP86...
    1 C                    6.0000     0.00000000    -0.00000000     0.26663779

    2 Cl                  17.0000    -0.11700344    -1.69468619    -0.30783973

    3 Cl                  17.0000     1.52614301     0.74601515    -0.30783973

    4 F                    9.0000    -0.00000000     0.00000000     1.60830109

    5 Cl                  17.0000    -1.40913958     0.94867104    -0.30783973



      Atomic Mass 

      ----------- 

...BLYP...
    1 C                    6.0000     0.00000000     0.00000000     0.26712953

    2 Cl                  17.0000    -0.11794384    -1.70830703    -0.30973412

    3 Cl                  17.0000     1.53840920     0.75201116    -0.30973412

    4 F                    9.0000     0.00000000     0.00000000     1.61349251

    5 Cl                  17.0000    -1.42046537     0.95629587    -0.30973412



      Atomic Mass 

      ----------- 

...PBE...
    1 C                    6.0000     0.00000000     0.00000000     0.26596295

    2 Cl                  17.0000    -0.11661656    -1.68908266    -0.30693370

    3 Cl                  17.0000     1.52109677     0.74354843    -0.30693370

    4 F                    9.0000     0.00000000     0.00000000     1.60625784

    5 Cl                  17.0000    -1.40448021     0.94553423    -0.30693370



      Atomic Mass 

      ----------- 

