
...LRC-wPBEh...
 P.Frequency       -0.00       -0.00       -0.00        0.00        0.00        0.00


...LRC-wPBEh...
 P.Frequency      161.46      161.46      169.33      230.61      303.15      551.90


...LRC-wPBEh...
 P.Frequency      592.89      629.26      629.26


...LC-wPBE...
 P.Frequency        0.00        0.00        0.00        0.00        0.00        0.00


...LC-wPBE...
 P.Frequency      167.34      167.34      174.90      239.60      313.51      573.42


...LC-wPBE...
 P.Frequency      618.68      644.80      644.80


...LC-PBE...
 P.Frequency       -0.00       -0.00       -0.00       -0.00        0.00        0.00


...LC-PBE...
 P.Frequency      162.24      162.24      169.54      230.00      306.04      576.66


...LC-PBE...
 P.Frequency      618.03      653.14      653.14


...LC-BLYP...
 P.Frequency       -0.00       -0.00        0.00        0.00        0.00        0.00


...LC-BLYP...
 P.Frequency      163.26      163.26      168.34      232.04      303.55      571.35


...LC-BLYP...
 P.Frequency      613.32      647.05      647.05


...CAM-B3LYP...
 P.Frequency       -0.00        0.00        0.00        0.00        0.00        0.00


...CAM-B3LYP...
 P.Frequency      162.22      162.22      168.90      232.57      302.34      551.36


...CAM-B3LYP...
 P.Frequency      592.36      628.14      628.14


...M11...
 P.Frequency       -0.00        0.00        0.00        0.00        0.00        0.00


...M11...
 P.Frequency      162.97      162.97      170.82      232.39      301.71      560.90


...M11...
 P.Frequency      603.26      629.44      629.44


...PW6B95...
 P.Frequency       -0.00       -0.00       -0.00       -0.00       -0.00       -0.00


...PW6B95...
 P.Frequency      154.11      154.11      167.73      221.78      298.10      536.58


...PW6B95...
 P.Frequency      574.04      617.57      617.57


...mPW1B95...
 P.Frequency       -0.00       -0.00       -0.00       -0.00       -0.00        0.00


...mPW1B95...
 P.Frequency      154.76      154.76      171.33      223.84      303.44      545.92


...mPW1B95...
 P.Frequency      584.62      624.61      624.61


...mPWB1K...
 P.Frequency       -0.00       -0.00       -0.00       -0.00        0.00        0.00


...mPWB1K...
 P.Frequency      156.05      156.05      179.53      230.41      316.80      567.69


...mPWB1K...
 P.Frequency      609.47      638.54      638.54


...B1B95...
 P.Frequency       -0.00       -0.00       -0.00        0.00        0.00        0.00


...B1B95...
 P.Frequency      146.43      153.36      153.36      211.73      267.51      490.67


...B1B95...
 P.Frequency      519.31      582.96      582.96


...BB1K...
 P.Frequency       -0.00       -0.00       -0.00        0.00        0.00        0.00


...BB1K...
 P.Frequency      156.18      156.18      177.89      229.87      314.49      562.72


...BB1K...
 P.Frequency      604.19      635.02      635.02


...M06-HF...
 P.Frequency       -0.00       -0.00       -0.00       -0.00       -0.00        0.00


...M06-HF...
 P.Frequency      167.62      167.62      194.91      248.28      329.23      616.11


...M06-HF...
 P.Frequency      660.88      673.86      673.86


...M06-2X...
 P.Frequency       -0.00       -0.00       -0.00       -0.00       -0.00        0.00


...M06-2X...
 P.Frequency      164.27      164.27      175.95      236.07      312.52      569.16


...M06-2X...
 P.Frequency      610.25      638.83      638.83


...M06...
 P.Frequency       -0.00       -0.00       -0.00       -0.00       -0.00       -0.00


...M06...
 P.Frequency      162.82      162.82      168.17      231.24      301.19      536.84


...M06...
 P.Frequency      577.33      614.32      614.32


...SOGGA11-X...
 P.Frequency       -0.00       -0.00       -0.00       -0.00       -0.00       -0.00


...SOGGA11-X...
 P.Frequency      158.42      158.42      172.37      230.29      307.03      550.11


...SOGGA11-X...
 P.Frequency      589.82      623.37      623.37


...BHandH...
 P.Frequency       -0.00       -0.00       -0.00       -0.00        0.00        0.00


...BHandH...
 P.Frequency      162.59      162.59      182.40      239.44      320.46      571.25


...BHandH...
 P.Frequency      614.31      639.01      639.01


...BHandHLYP...
 P.Frequency       -0.00       -0.00       -0.00       -0.00        0.00        0.00


...BHandHLYP...
 P.Frequency      159.05      159.05      191.43      238.35      334.00      607.52


...BHandHLYP...
 P.Frequency      652.19      671.28      671.28


...mPW1K...
 P.Frequency       -0.00       -0.00       -0.00       -0.00        0.00        0.00


...mPW1K...
 P.Frequency      161.88      161.88      179.62      236.67      316.97      564.72


...mPW1K...
 P.Frequency      606.98      636.40      636.40


...B3LYP20...
 P.Frequency       -0.00       -0.00       -0.00       -0.00        0.00        0.00


...B3LYP20...
 P.Frequency      158.72      158.72      159.77      224.02      286.10      513.48


...B3LYP20...
 P.Frequency      549.00      599.23      599.23


...PBE0...
 P.Frequency       -0.00        0.00        0.00        0.00        0.00        0.00


...PBE0...
 P.Frequency      158.52      158.52      167.81      226.61      298.44      536.52


...PBE0...
 P.Frequency      574.24      618.46      618.46


...M11-L...
 P.Frequency       -0.00       -0.00       -0.00       -0.00       -0.00        0.00


...M11-L...
 P.Frequency      142.82      142.82      185.16      206.65      324.68      516.41


...M11-L...
 P.Frequency      555.57      600.22      600.22


...M06-L...
 P.Frequency       -0.00       -0.00       -0.00        0.00        0.00        0.00


...M06-L...
 P.Frequency      149.11      153.39      153.39      211.12      276.27      491.96


...M06-L...
 P.Frequency      521.79      581.01      581.01


...TPSS...
 P.Frequency       -0.00       -0.00        0.00        0.00        0.00        0.00


...TPSS...
 P.Frequency      149.25      149.25      150.40      207.68      272.62      494.05


...TPSS...
 P.Frequency      522.78      586.96      586.96


...revPBE...
 P.Frequency       -0.00       -0.00       -0.00        0.00        0.00        0.00


...revPBE...
 P.Frequency      129.06      152.21      152.21      204.94      237.97      423.12


...revPBE...
 P.Frequency      446.58      518.70      518.70


...mPW91...
 P.Frequency       -0.00       -0.00       -0.00       -0.00        0.00        0.00


...mPW91...
 P.Frequency      145.83      154.29      154.29      212.56      266.97      488.47


...mPW91...
 P.Frequency      517.19      581.18      581.18


...PW91...
 P.Frequency       -0.00       -0.00       -0.00       -0.00        0.00        0.00


...PW91...
 P.Frequency      146.60      153.31      153.31      211.81      267.82      492.14


...PW91...
 P.Frequency      520.88      584.51      584.51


...OLYP...
 P.Frequency       -0.00       -0.00       -0.00       -0.00       -0.00       -0.00


...OLYP...
 P.Frequency      147.47      156.24      156.24      215.53      269.57      480.92


...OLYP...
 P.Frequency      510.93      573.97      573.97


...BP86...
 P.Frequency       -0.00        0.00        0.00        0.00        0.00        0.00


...BP86...
 P.Frequency      145.39      154.70      154.70      213.07      266.31      487.96


...BP86...
 P.Frequency      516.45      580.64      580.64


...BLYP...
 P.Frequency       -0.00       -0.00       -0.00       -0.00       -0.00       -0.00


...BLYP...
 P.Frequency      141.06      153.68      153.68      210.80      258.66      473.44


...BLYP...
 P.Frequency      500.73      567.39      567.39


...PBE...
 P.Frequency       -0.00       -0.00        0.00        0.00        0.00        0.00


...PBE...
 P.Frequency      146.43      153.36      153.36      211.73      267.51      490.67


...PBE...
 P.Frequency      519.31      582.96      582.96

